112.55 176.102 -262.529
112.55 176.102 -247.511
112.55 176.102 -232.493
112.55 176.102 -217.476
112.55 176.102 -202.458
112.55 176.102 -187.44
112.55 176.102 -172.423
112.55 176.102 -157.405
112.55 176.102 -142.387
112.55 176.102 -127.37
112.55 176.102 -112.352
112.55 176.102 -97.3341
112.55 176.102 -82.326
112.55 176.102 -67.3271
112.55 176.102 -52.329
112.55 176.102 -37.3301
112.55 176.102 -22.332
112.55 176.102 -7.33305
112.55 176.102 7.66492
112.55 176.102 22.663
112.55 176.102 37.662
112.55 176.102 52.6599
112.55 176.102 67.6589
112.55 176.102 82.657
112.55 176.102 97.668
112.55 176.102 112.675
112.55 176.102 127.682
112.55 176.102 142.689
112.55 176.102 157.697
112.55 176.102 172.704
112.55 176.102 187.711
112.55 176.102 202.718
112.55 176.102 217.725
112.55 176.102 232.732
112.55 176.102 247.739
112.55 176.102 262.746
157.58 152.128 -262.582
157.58 152.128 -247.553
157.58 152.128 -232.525
157.58 152.128 -217.496
157.58 152.128 -202.467
157.58 152.128 -187.438
157.58 152.128 -172.409
157.58 152.128 -157.38
157.58 152.128 -142.352
157.58 152.128 -127.323
157.58 152.128 -112.294
157.58 152.128 -97.2651
157.58 152.128 -82.2411
157.58 152.128 -67.2211
157.58 152.128 -52.2011
157.58 152.128 -37.181
157.58 152.128 -22.1621
157.58 152.128 -7.14207
157.58 152.128 7.87797
157.58 152.128 22.8979
157.58 152.128 37.917
157.58 152.128 52.937
157.58 152.128 67.957
157.58 152.128 82.9759
157.58 152.128 98.002
157.58 152.128 113.026
157.58 152.128 128.05
157.58 152.128 143.074
157.58 152.128 158.098
157.58 152.128 173.121
157.58 152.128 188.145
157.58 152.128 203.169
157.58 152.128 218.193
157.58 152.128 233.217
157.58 152.128 248.241
157.58 152.128 263.264
171.094 102.595 -262.851
171.094 102.595 -247.838
171.094 102.595 -232.826
171.094 102.595 -217.813
171.094 102.595 -202.801
171.094 102.595 -187.789
171.094 102.595 -172.776
171.094 102.595 -157.764
171.094 102.595 -142.751
171.094 102.595 -127.739
171.094 102.595 -112.727
171.094 102.595 -97.7141
171.094 102.595 -82.7021
171.094 102.595 -67.6891
171.094 102.595 -52.6761
171.094 102.595 -37.6631
171.094 102.595 -22.6511
171.094 102.595 -7.63805
171.094 102.595 7.37496
171.094 102.595 22.388
171.094 102.595 37.4009
171.094 102.595 52.4139
171.094 102.595 67.4269
171.094 102.595 82.4389
171.094 102.595 97.4819
171.094 102.595 112.515
171.094 102.595 127.547
171.094 102.595 142.58
171.094 102.595 157.613
171.094 102.595 172.646
171.094 102.595 187.679
171.094 102.595 202.712
171.094 102.595 217.745
171.094 102.595 232.778
171.094 102.595 247.81
171.094 102.595 262.843
131.644 62.2638 -262.701
131.644 62.2638 -247.721
131.644 62.2638 -232.741
131.644 62.2638 -217.76
131.644 62.2638 -202.78
131.644 62.2638 -187.8
131.644 62.2638 -172.82
131.644 62.2638 -157.84
131.644 62.2638 -142.86
131.644 62.2638 -127.88
131.644 62.2638 -112.9
131.644 62.2638 -97.9201
131.644 62.2638 -82.91
131.644 62.2638 -67.8561
131.644 62.2638 -52.802
131.644 62.2638 -37.748
131.644 62.2638 -22.694
131.644 62.2638 -7.64004
131.644 62.2638 7.41395
131.644 62.2638 22.4679
131.644 62.2638 37.5219
131.644 62.2638 52.5759
131.644 62.2638 67.6299
131.644 62.2638 82.6839
131.644 62.2638 97.7709
131.644 62.2638 112.849
131.644 62.2638 127.928
131.644 62.2638 143.006
131.644 62.2638 158.084
131.644 62.2638 173.162
131.644 62.2638 188.24
131.644 62.2638 203.318
131.644 62.2638 218.396
131.644 62.2638 233.474
131.644 62.2638 248.552
131.644 62.2638 263.63
81.4942 68.2059 -263.316
81.4942 68.2059 -248.316
81.4942 68.2059 -233.316
81.4942 68.2059 -218.316
81.4942 68.2059 -203.316
81.4942 68.2059 -188.316
81.4942 68.2059 -173.316
81.4942 68.2059 -158.316
81.4942 68.2059 -143.316
81.4942 68.2059 -128.316
81.4942 68.2059 -113.316
81.4942 68.2059 -98.3161
81.4942 68.2059 -83.3161
81.4942 68.2059 -68.3161
81.4942 68.2059 -53.3161
81.4942 68.2059 -38.3171
81.4942 68.2059 -23.3171
81.4942 68.2059 -8.31707
81.4942 68.2059 6.68293
81.4942 68.2059 21.6829
81.4942 68.2059 36.6829
81.4942 68.2059 51.6829
81.4942 68.2059 66.682
81.4942 68.2059 81.682
81.4942 68.2059 96.682
81.4942 68.2059 111.682
81.4942 68.2059 126.683
81.4942 68.2059 141.683
81.4942 68.2059 156.683
81.4942 68.2059 171.683
81.4942 68.2059 186.683
81.4942 68.2059 201.683
81.4942 68.2059 216.683
81.4942 68.2059 231.683
81.4942 68.2059 246.683
81.4942 68.2059 261.683
50.3112 106.504 -262.602
50.3112 106.504 -247.568
50.3112 106.504 -232.534
50.3112 106.504 -217.499
50.3112 106.504 -202.465
50.3112 106.504 -187.431
50.3112 106.504 -172.396
50.3112 106.504 -157.362
50.3112 106.504 -142.328
50.3112 106.504 -127.293
50.3112 106.504 -112.259
50.3112 106.504 -97.225
50.3112 106.504 -82.201
50.3112 106.504 -67.1911
50.3112 106.504 -52.1801
50.3112 106.504 -37.1701
50.3112 106.504 -22.1591
50.3112 106.504 -7.14805
50.3112 106.504 7.86293
50.3112 106.504 22.8729
50.3112 106.504 37.8839
50.3112 106.504 52.895
50.3112 106.504 67.905
50.3112 106.504 82.9159
50.3112 106.504 97.9109
50.3112 106.504 112.911
50.3112 106.504 127.911
50.3112 106.504 142.911
50.3112 106.504 157.911
50.3112 106.504 172.912
50.3112 106.504 187.912
50.3112 106.504 202.912
50.3112 106.504 217.912
50.3112 106.504 232.912
50.3112 106.504 247.912
50.3112 106.504 262.912
66.7382 156.455 -262.487
66.7382 156.455 -247.468
66.7382 156.455 -232.45
66.7382 156.455 -217.431
66.7382 156.455 -202.413
66.7382 156.455 -187.394
66.7382 156.455 -172.376
66.7382 156.455 -157.357
66.7382 156.455 -142.339
66.7382 156.455 -127.32
66.7382 156.455 -112.302
66.7382 156.455 -97.2841
66.7382 156.455 -82.273
66.7382 156.455 -67.2701
66.7382 156.455 -52.2671
66.7382 156.455 -37.2651
66.7382 156.455 -22.2621
66.7382 156.455 -7.26004
66.7382 156.455 7.74293
66.7382 156.455 22.745
66.7382 156.455 37.7479
66.7382 156.455 52.75
66.7382 156.455 67.752
66.7382 156.455 82.7539
66.7382 156.455 97.7599
66.7382 156.455 112.764
66.7382 156.455 127.768
66.7382 156.455 142.773
66.7382 156.455 157.777
66.7382 156.455 172.782
66.7382 156.455 187.786
66.7382 156.455 202.791
66.7382 156.455 217.795
66.7382 156.455 232.799
66.7382 156.455 247.804
66.7382 156.455 262.808
112.047 117.893 -261.467
112.047 117.893 -246.23
112.047 117.893 -230.993
112.047 117.893 -215.755
112.047 117.893 -200.518
112.047 117.893 -185.281
112.047 117.893 -170.044
112.047 117.893 -154.807
112.047 117.893 -139.57
112.047 117.893 -124.333
112.047 117.893 -109.096
112.047 117.893 -93.858
112.047 117.893 -78.6281
112.047 117.893 -63.4041
112.047 117.893 -48.1801
112.047 117.893 -32.957
112.047 117.893 -17.733
112.047 117.893 -2.50902
112.047 117.893 12.7139
112.047 117.893 27.9379
112.047 117.893 43.1609
112.047 117.893 58.3839
112.047 117.893 73.6079
112.047 117.893 88.8309
112.047 117.893 103.66
112.047 117.893 118.614
112.047 117.893 133.568
112.047 117.893 148.522
112.047 117.893 163.476
112.047 117.893 178.43
112.047 117.893 193.385
112.047 117.893 208.339
112.047 117.893 223.293
112.047 117.893 238.247
112.047 117.893 253.201
112.047 117.893 268.156
-68.6428 47.4049 -261.411
-68.6428 47.4049 -246.408
-68.6428 47.4049 -231.405
-68.6428 47.4049 -216.402
-68.6428 47.4049 -201.399
-68.6428 47.4049 -186.395
-68.6428 47.4049 -171.392
-68.6428 47.4049 -156.389
-68.6428 47.4049 -141.386
-68.6428 47.4049 -126.383
-68.6428 47.4049 -111.379
-68.6428 47.4049 -96.3761
-68.6428 47.4049 -81.373
-68.6428 47.4049 -66.3691
-68.6428 47.4049 -51.3651
-68.6428 47.4049 -36.362
-68.6428 47.4049 -21.358
-68.6428 47.4049 -6.35406
-68.6428 47.4049 8.64894
-68.6428 47.4049 23.6529
-68.6428 47.4049 38.657
-68.6428 47.4049 53.6599
-68.6428 47.4049 68.6639
-68.6428 47.4049 83.667
-68.6428 47.4049 98.627
-68.6428 47.4049 113.6
-68.6428 47.4049 128.573
-68.6428 47.4049 143.546
-68.6428 47.4049 158.52
-68.6428 47.4049 173.493
-68.6428 47.4049 188.466
-68.6428 47.4049 203.439
-68.6428 47.4049 218.412
-68.6428 47.4049 233.385
-68.6428 47.4049 248.359
-68.6428 47.4049 263.332
-38.1168 4.06887 -263.776
-38.1168 4.06887 -248.76
-38.1168 4.06887 -233.744
-38.1168 4.06887 -218.727
-38.1168 4.06887 -203.711
-38.1168 4.06887 -188.694
-38.1168 4.06887 -173.678
-38.1168 4.06887 -158.662
-38.1168 4.06887 -143.645
-38.1168 4.06887 -128.629
-38.1168 4.06887 -113.612
-38.1168 4.06887 -98.5961
-38.1168 4.06887 -83.583
-38.1168 4.06887 -68.574
-38.1168 4.06887 -53.565
-38.1168 4.06887 -38.556
-38.1168 4.06887 -23.5471
-38.1168 4.06887 -8.53805
-38.1168 4.06887 6.47094
-38.1168 4.06887 21.4799
-38.1168 4.06887 36.4889
-38.1168 4.06887 51.4979
-38.1168 4.06887 66.507
-38.1168 4.06887 81.5159
-38.1168 4.06887 96.5389
-38.1168 4.06887 111.557
-38.1168 4.06887 126.576
-38.1168 4.06887 141.594
-38.1168 4.06887 156.613
-38.1168 4.06887 171.631
-38.1168 4.06887 186.65
-38.1168 4.06887 201.669
-38.1168 4.06887 216.687
-38.1168 4.06887 231.706
-38.1168 4.06887 246.725
-38.1168 4.06887 261.743
-53.5868 -47.0431 -262.282
-53.5868 -47.0431 -247.283
-53.5868 -47.0431 -232.285
-53.5868 -47.0431 -217.286
-53.5868 -47.0431 -202.288
-53.5868 -47.0431 -187.289
-53.5868 -47.0431 -172.291
-53.5868 -47.0431 -157.292
-53.5868 -47.0431 -142.294
-53.5868 -47.0431 -127.295
-53.5868 -47.0431 -112.296
-53.5868 -47.0431 -97.2971
-53.5868 -47.0431 -82.278
-53.5868 -47.0431 -67.2361
-53.5868 -47.0431 -52.1931
-53.5868 -47.0431 -37.151
-53.5868 -47.0431 -22.108
-53.5868 -47.0431 -7.06605
-53.5868 -47.0431 7.97695
-53.5868 -47.0431 23.0189
-53.5868 -47.0431 38.062
-53.5868 -47.0431 53.1049
-53.5868 -47.0431 68.1469
-53.5868 -47.0431 83.1899
-53.5868 -47.0431 98.211
-53.5868 -47.0431 113.226
-53.5868 -47.0431 128.24
-53.5868 -47.0431 143.255
-53.5868 -47.0431 158.269
-53.5868 -47.0431 173.284
-53.5868 -47.0431 188.299
-53.5868 -47.0431 203.313
-53.5868 -47.0431 218.328
-53.5868 -47.0431 233.342
-53.5868 -47.0431 248.357
-53.5868 -47.0431 263.372
-100.988 -62.0361 -261.74
-100.988 -62.0361 -246.739
-100.988 -62.0361 -231.739
-100.988 -62.0361 -216.739
-100.988 -62.0361 -201.739
-100.988 -62.0361 -186.739
-100.988 -62.0361 -171.739
-100.988 -62.0361 -156.739
-100.988 -62.0361 -141.738
-100.988 -62.0361 -126.738
-100.988 -62.0361 -111.738
-100.988 -62.0361 -96.737
-100.988 -62.0361 -81.737
-100.988 -62.0361 -66.738
-100.988 -62.0361 -51.738
-100.988 -62.0361 -36.738
-100.988 -62.0361 -21.7391
-100.988 -62.0361 -6.73906
-100.988 -62.0361 8.26094
-100.988 -62.0361 23.2599
-100.988 -62.0361 38.2599
-100.988 -62.0361 53.2599
-100.988 -62.0361 68.2599
-100.988 -62.0361 83.2589
-100.988 -62.0361 98.2659
-100.988 -62.0361 113.275
-100.988 -62.0361 128.284
-100.988 -62.0361 143.293
-100.988 -62.0361 158.302
-100.988 -62.0361 173.31
-100.988 -62.0361 188.319
-100.988 -62.0361 203.328
-100.988 -62.0361 218.337
-100.988 -62.0361 233.346
-100.988 -62.0361 248.355
-100.988 -62.0361 263.364
-149.735 -36.2402 -263.067
-149.735 -36.2402 -248.032
-149.735 -36.2402 -232.997
-149.735 -36.2402 -217.962
-149.735 -36.2402 -202.928
-149.735 -36.2402 -187.893
-149.735 -36.2402 -172.858
-149.735 -36.2402 -157.824
-149.735 -36.2402 -142.789
-149.735 -36.2402 -127.754
-149.735 -36.2402 -112.719
-149.735 -36.2402 -97.6841
-149.735 -36.2402 -82.6711
-149.735 -36.2402 -67.683
-149.735 -36.2402 -52.694
-149.735 -36.2402 -37.7061
-149.735 -36.2402 -22.718
-149.735 -36.2402 -7.73004
-149.735 -36.2402 7.25797
-149.735 -36.2402 22.2459
-149.735 -36.2402 37.235
-149.735 -36.2402 52.223
-149.735 -36.2402 67.211
-149.735 -36.2402 82.2
-149.735 -36.2402 97.2329
-149.735 -36.2402 112.251
-149.735 -36.2402 127.27
-149.735 -36.2402 142.289
-149.735 -36.2402 157.307
-149.735 -36.2402 172.326
-149.735 -36.2402 187.345
-149.735 -36.2402 202.364
-149.735 -36.2402 217.382
-149.735 -36.2402 232.401
-149.735 -36.2402 247.419
-149.735 -36.2402 262.438
-152.883 15.4429 -261.502
-152.883 15.4429 -246.502
-152.883 15.4429 -231.502
-152.883 15.4429 -216.503
-152.883 15.4429 -201.503
-152.883 15.4429 -186.503
-152.883 15.4429 -171.503
-152.883 15.4429 -156.503
-152.883 15.4429 -141.503
-152.883 15.4429 -126.504
-152.883 15.4429 -111.504
-152.883 15.4429 -96.5041
-152.883 15.4429 -81.5021
-152.883 15.4429 -66.4991
-152.883 15.4429 -51.496
-152.883 15.4429 -36.493
-152.883 15.4429 -21.4901
-152.883 15.4429 -6.48703
-152.883 15.4429 8.51594
-152.883 15.4429 23.5189
-152.883 15.4429 38.5219
-152.883 15.4429 53.525
-152.883 15.4429 68.5279
-152.883 15.4429 83.5309
-152.883 15.4429 98.53
-152.883 15.4429 113.529
-152.883 15.4429 128.529
-152.883 15.4429 143.528
-152.883 15.4429 158.528
-152.883 15.4429 173.528
-152.883 15.4429 188.528
-152.883 15.4429 203.527
-152.883 15.4429 218.527
-152.883 15.4429 233.527
-152.883 15.4429 248.527
-152.883 15.4429 263.527
-121.624 50.8959 -261.625
-121.624 50.8959 -246.619
-121.624 50.8959 -231.613
-121.624 50.8959 -216.607
-121.624 50.8959 -201.6
-121.624 50.8959 -186.594
-121.624 50.8959 -171.588
-121.624 50.8959 -156.581
-121.624 50.8959 -141.575
-121.624 50.8959 -126.569
-121.624 50.8959 -111.562
-121.624 50.8959 -96.556
-121.624 50.8959 -81.5541
-121.624 50.8959 -66.5591
-121.624 50.8959 -51.565
-121.624 50.8959 -36.57
-121.624 50.8959 -21.575
-121.624 50.8959 -6.58004
-121.624 50.8959 8.41492
-121.624 50.8959 23.4099
-121.624 50.8959 38.4039
-121.624 50.8959 53.3989
-121.624 50.8959 68.3939
-121.624 50.8959 83.3889
-121.624 50.8959 98.4419
-121.624 50.8959 113.481
-121.624 50.8959 128.52
-121.624 50.8959 143.56
-121.624 50.8959 158.599
-121.624 50.8959 173.638
-121.624 50.8959 188.678
-121.624 50.8959 203.717
-121.624 50.8959 218.756
-121.624 50.8959 233.796
-121.624 50.8959 248.835
-121.624 50.8959 263.875
-96.2058 -3.03012 -264.281
-96.2058 -3.03012 -249.28
-96.2058 -3.03012 -234.28
-96.2058 -3.03012 -219.279
-96.2058 -3.03012 -204.279
-96.2058 -3.03012 -189.278
-96.2058 -3.03012 -174.278
-96.2058 -3.03012 -159.278
-96.2058 -3.03012 -144.277
-96.2058 -3.03012 -129.277
-96.2058 -3.03012 -114.276
-96.2058 -3.03012 -99.2751
-96.2058 -3.03012 -84.2751
-96.2058 -3.03012 -69.276
-96.2058 -3.03012 -54.276
-96.2058 -3.03012 -39.276
-96.2058 -3.03012 -24.2761
-96.2058 -3.03012 -9.27703
-96.2058 -3.03012 5.72297
-96.2058 -3.03012 20.723
-96.2058 -3.03012 35.722
-96.2058 -3.03012 50.722
-96.2058 -3.03012 65.722
-96.2058 -3.03012 80.722
-96.2058 -3.03012 96.7209
-96.2058 -3.03012 111.721
-96.2058 -3.03012 126.721
-96.2058 -3.03012 141.721
-96.2058 -3.03012 156.72
-96.2058 -3.03012 171.72
-96.2058 -3.03012 186.72
-96.2058 -3.03012 201.72
-96.2058 -3.03012 216.719
-96.2058 -3.03012 231.718
-96.2058 -3.03012 246.718
-96.2058 -3.03012 261.718
-143.791 350.323 -260.643
-143.791 350.323 -245.663
-143.791 350.323 -230.684
-143.791 350.323 -215.705
-143.791 350.323 -200.725
-143.791 350.323 -185.746
-143.791 350.323 -170.766
-143.791 350.323 -155.787
-143.791 350.323 -140.807
-143.791 350.323 -125.828
-143.791 350.323 -110.848
-143.791 350.323 -95.8691
-143.791 350.323 -80.8761
-143.791 350.323 -65.8691
-143.791 350.323 -50.862
-143.791 350.323 -35.8551
-143.791 350.323 -20.848
-143.791 350.323 -5.84105
-143.791 350.323 9.16594
-143.791 350.323 24.1729
-143.791 350.323 39.18
-143.791 350.323 54.187
-143.791 350.323 69.1939
-143.791 350.323 84.2009
-143.791 350.323 99.2079
-143.791 350.323 114.213
-143.791 350.323 129.219
-143.791 350.323 144.224
-143.791 350.323 159.23
-143.791 350.323 174.235
-143.791 350.323 189.241
-143.791 350.323 204.247
-143.791 350.323 219.252
-143.791 350.323 234.258
-143.791 350.323 249.263
-143.791 350.323 264.269
-102.082 322.795 -261.186
-102.082 322.795 -246.186
-102.082 322.795 -231.187
-102.082 322.795 -216.188
-102.082 322.795 -201.188
-102.082 322.795 -186.189
-102.082 322.795 -171.19
-102.082 322.795 -156.191
-102.082 322.795 -141.192
-102.082 322.795 -126.193
-102.082 322.795 -111.194
-102.082 322.795 -96.195
-102.082 322.795 -81.187
-102.082 322.795 -66.169
-102.082 322.795 -51.1521
-102.082 322.795 -36.134
-102.082 322.795 -21.1161
-102.082 322.795 -6.09906
-102.082 322.795 8.91895
-102.082 322.795 23.9359
-102.082 322.795 38.9539
-102.082 322.795 53.9709
-102.082 322.795 68.9889
-102.082 322.795 84.0059
-102.082 322.795 99.0189
-102.082 322.795 114.028
-102.082 322.795 129.037
-102.082 322.795 144.045
-102.082 322.795 159.054
-102.082 322.795 174.062
-102.082 322.795 189.071
-102.082 322.795 204.08
-102.082 322.795 219.088
-102.082 322.795 234.097
-102.082 322.795 249.106
-102.082 322.795 264.114
-94.6568 270.324 -261.12
-94.6568 270.324 -246.167
-94.6568 270.324 -231.214
-94.6568 270.324 -216.262
-94.6568 270.324 -201.309
-94.6568 270.324 -186.356
-94.6568 270.324 -171.403
-94.6568 270.324 -156.45
-94.6568 270.324 -141.497
-94.6568 270.324 -126.544
-94.6568 270.324 -111.591
-94.6568 270.324 -96.638
-94.6568 270.324 -81.664
-94.6568 270.324 -66.6661
-94.6568 270.324 -51.668
-94.6568 270.324 -36.669
-94.6568 270.324 -21.6711
-94.6568 270.324 -6.67305
-94.6568 270.324 8.32496
-94.6568 270.324 23.3239
-94.6568 270.324 38.322
-94.6568 270.324 53.3199
-94.6568 270.324 68.3189
-94.6568 270.324 83.3169
-94.6568 270.324 98.31
-94.6568 270.324 113.296
-94.6568 270.324 128.282
-94.6568 270.324 143.269
-94.6568 270.324 158.255
-94.6568 270.324 173.242
-94.6568 270.324 188.228
-94.6568 270.324 203.215
-94.6568 270.324 218.202
-94.6568 270.324 233.188
-94.6568 270.324 248.175
-94.6568 270.324 263.161
-135.232 234.409 -260.977
-135.232 234.409 -245.998
-135.232 234.409 -231.019
-135.232 234.409 -216.04
-135.232 234.409 -201.061
-135.232 234.409 -186.082
-135.232 234.409 -171.104
-135.232 234.409 -156.125
-135.232 234.409 -141.146
-135.232 234.409 -126.167
-135.232 234.409 -111.188
-135.232 234.409 -96.2091
-135.232 234.409 -81.2121
-135.232 234.409 -66.194
-135.232 234.409 -51.1761
-135.232 234.409 -36.1581
-135.232 234.409 -21.1391
-135.232 234.409 -6.12105
-135.232 234.409 8.89691
-135.232 234.409 23.9149
-135.232 234.409 38.9339
-135.232 234.409 53.952
-135.232 234.409 68.9699
-135.232 234.409 83.9879
-135.232 234.409 99.0009
-135.232 234.409 114.009
-135.232 234.409 129.016
-135.232 234.409 144.024
-135.232 234.409 159.031
-135.232 234.409 174.038
-135.232 234.409 189.046
-135.232 234.409 204.053
-135.232 234.409 219.061
-135.232 234.409 234.068
-135.232 234.409 249.075
-135.232 234.409 264.083
-183.351 241.789 -261.606
-183.351 241.789 -246.586
-183.351 241.789 -231.565
-183.351 241.789 -216.544
-183.351 241.789 -201.523
-183.351 241.789 -186.502
-183.351 241.789 -171.481
-183.351 241.789 -156.46
-183.351 241.789 -141.439
-183.351 241.789 -126.418
-183.351 241.789 -111.397
-183.351 241.789 -96.3771
-183.351 241.789 -81.362
-183.351 241.789 -66.354
-183.351 241.789 -51.3461
-183.351 241.789 -36.3391
-183.351 241.789 -21.3311
-183.351 241.789 -6.32309
-183.351 241.789 8.68496
-183.351 241.789 23.692
-183.351 241.789 38.7
-183.351 241.789 53.707
-183.351 241.789 68.715
-183.351 241.789 83.722
-183.351 241.789 98.728
-183.351 241.789 113.73
-183.351 241.789 128.732
-183.351 241.789 143.734
-183.351 241.789 158.736
-183.351 241.789 173.738
-183.351 241.789 188.74
-183.351 241.789 203.742
-183.351 241.789 218.744
-183.351 241.789 233.746
-183.351 241.789 248.748
-183.351 241.789 263.749
-210.707 286.598 -261.273
-210.707 286.598 -246.273
-210.707 286.598 -231.273
-210.707 286.598 -216.273
-210.707 286.598 -201.273
-210.707 286.598 -186.274
-210.707 286.598 -171.274
-210.707 286.598 -156.274
-210.707 286.598 -141.274
-210.707 286.598 -126.274
-210.707 286.598 -111.274
-210.707 286.598 -96.2741
-210.707 286.598 -81.2701
-210.707 286.598 -66.259
-210.707 286.598 -51.248
-210.707 286.598 -36.238
-210.707 286.598 -21.2271
-210.707 286.598 -6.21707
-210.707 286.598 8.79395
-210.707 286.598 23.8039
-210.707 286.598 38.8149
-210.707 286.598 53.8259
-210.707 286.598 68.836
-210.707 286.598 83.847
-210.707 286.598 98.852
-210.707 286.598 113.853
-210.707 286.598 128.853
-210.707 286.598 143.853
-210.707 286.598 158.853
-210.707 286.598 173.854
-210.707 286.598 188.854
-210.707 286.598 203.854
-210.707 286.598 218.855
-210.707 286.598 233.855
-210.707 286.598 248.856
-210.707 286.598 263.856
-193.211 332.822 -260.858
-193.211 332.822 -245.87
-193.211 332.822 -230.881
-193.211 332.822 -215.892
-193.211 332.822 -200.903
-193.211 332.822 -185.914
-193.211 332.822 -170.925
-193.211 332.822 -155.936
-193.211 332.822 -140.947
-193.211 332.822 -125.959
-193.211 332.822 -110.97
-193.211 332.822 -95.9811
-193.211 332.822 -80.984
-193.211 332.822 -65.979
-193.211 332.822 -50.9741
-193.211 332.822 -35.9691
-193.211 332.822 -20.963
-193.211 332.822 -5.95805
-193.211 332.822 9.04695
-193.211 332.822 24.0529
-193.211 332.822 39.0579
-193.211 332.822 54.0629
-193.211 332.822 69.0689
-193.211 332.822 84.0739
-193.211 332.822 99.0779
-193.211 332.822 114.08
-193.211 332.822 129.082
-193.211 332.822 144.083
-193.211 332.822 159.085
-193.211 332.822 174.087
-193.211 332.822 189.089
-193.211 332.822 204.091
-193.211 332.822 219.093
-193.211 332.822 234.095
-193.211 332.822 249.097
-193.211 332.822 264.098
-155.694 291.247 -261.215
-155.694 291.247 -246.202
-155.694 291.247 -231.189
-155.694 291.247 -216.175
-155.694 291.247 -201.162
-155.694 291.247 -186.148
-155.694 291.247 -171.135
-155.694 291.247 -156.122
-155.694 291.247 -141.109
-155.694 291.247 -126.095
-155.694 291.247 -111.082
-155.694 291.247 -96.069
-155.694 291.247 -81.056
-155.694 291.247 -66.043
-155.694 291.247 -51.0301
-155.694 291.247 -36.0171
-155.694 291.247 -21.0041
-155.694 291.247 -5.99105
-155.694 291.247 9.02191
-155.694 291.247 24.0339
-155.694 291.247 39.047
-155.694 291.247 54.06
-155.694 291.247 69.073
-155.694 291.247 84.085
-155.694 291.247 99.0929
-155.694 291.247 114.093
-155.694 291.247 129.093
-155.694 291.247 144.094
-155.694 291.247 159.094
-155.694 291.247 174.095
-155.694 291.247 189.096
-155.694 291.247 204.096
-155.694 291.247 219.097
-155.694 291.247 234.097
-155.694 291.247 249.098
-155.694 291.247 264.098
192.364 -47.4141 -263.598
192.364 -47.4141 -248.597
192.364 -47.4141 -233.596
192.364 -47.4141 -218.594
192.364 -47.4141 -203.592
192.364 -47.4141 -188.59
192.364 -47.4141 -173.588
192.364 -47.4141 -158.585
192.364 -47.4141 -143.583
192.364 -47.4141 -128.58
192.364 -47.4141 -113.579
192.364 -47.4141 -98.5771
192.364 -47.4141 -83.579
192.364 -47.4141 -68.5841
192.364 -47.4141 -53.5901
192.364 -47.4141 -38.595
192.364 -47.4141 -23.6011
192.364 -47.4141 -8.60707
192.364 -47.4141 6.38695
192.364 -47.4141 21.3809
192.364 -47.4141 36.375
192.364 -47.4141 51.3689
192.364 -47.4141 66.3629
192.364 -47.4141 81.3569
192.364 -47.4141 96.3489
192.364 -47.4141 111.339
192.364 -47.4141 126.329
192.364 -47.4141 141.318
192.364 -47.4141 156.308
192.364 -47.4141 171.297
192.364 -47.4141 186.287
192.364 -47.4141 201.276
192.364 -47.4141 216.266
192.364 -47.4141 231.255
192.364 -47.4141 246.245
192.364 -47.4141 261.235
234.865 -74.4552 -263.848
234.865 -74.4552 -248.838
234.865 -74.4552 -233.827
234.865 -74.4552 -218.816
234.865 -74.4552 -203.806
234.865 -74.4552 -188.795
234.865 -74.4552 -173.785
234.865 -74.4552 -158.774
234.865 -74.4552 -143.764
234.865 -74.4552 -128.753
234.865 -74.4552 -113.742
234.865 -74.4552 -98.7321
234.865 -74.4552 -83.7281
234.865 -74.4552 -68.7321
234.865 -74.4552 -53.7351
234.865 -74.4552 -38.7391
234.865 -74.4552 -23.743
234.865 -74.4552 -8.74703
234.865 -74.4552 6.24996
234.865 -74.4552 21.2459
234.865 -74.4552 36.2419
234.865 -74.4552 51.2379
234.865 -74.4552 66.2339
234.865 -74.4552 81.2309
234.865 -74.4552 96.222
234.865 -74.4552 111.208
234.865 -74.4552 126.194
234.865 -74.4552 141.179
234.865 -74.4552 156.165
234.865 -74.4552 171.151
234.865 -74.4552 186.137
234.865 -74.4552 201.122
234.865 -74.4552 216.108
234.865 -74.4552 231.094
234.865 -74.4552 246.079
234.865 -74.4552 261.065
240.362 -126.639 -263.77
240.362 -126.639 -248.773
240.362 -126.639 -233.775
240.362 -126.639 -218.778
240.362 -126.639 -203.781
240.362 -126.639 -188.783
240.362 -126.639 -173.786
240.362 -126.639 -158.789
240.362 -126.639 -143.791
240.362 -126.639 -128.794
240.362 -126.639 -113.797
240.362 -126.639 -98.799
240.362 -126.639 -83.806
240.362 -126.639 -68.8181
240.362 -126.639 -53.8301
240.362 -126.639 -38.8431
240.362 -126.639 -23.855
240.362 -126.639 -8.86703
240.362 -126.639 6.11996
240.362 -126.639 21.1079
240.362 -126.639 36.0949
240.362 -126.639 51.0829
240.362 -126.639 66.0699
240.362 -126.639 81.0579
240.362 -126.639 96.045
240.362 -126.639 111.032
240.362 -126.639 126.018
240.362 -126.639 141.005
240.362 -126.639 155.991
240.362 -126.639 170.978
240.362 -126.639 185.964
240.362 -126.639 200.95
240.362 -126.639 215.937
240.362 -126.639 230.923
240.362 -126.639 245.909
240.362 -126.639 260.895
200.552 -161.467 -264.073
200.552 -161.467 -249.073
200.552 -161.467 -234.073
200.552 -161.467 -219.074
200.552 -161.467 -204.074
200.552 -161.467 -189.075
200.552 -161.467 -174.075
200.552 -161.467 -159.075
200.552 -161.467 -144.076
200.552 -161.467 -129.076
200.552 -161.467 -114.077
200.552 -161.467 -99.0771
200.552 -161.467 -84.0801
200.552 -161.467 -69.0871
200.552 -161.467 -54.0931
200.552 -161.467 -39.1
200.552 -161.467 -24.1071
200.552 -161.467 -9.11305
200.552 -161.467 5.87992
200.552 -161.467 20.8739
200.552 -161.467 35.8669
200.552 -161.467 50.8609
200.552 -161.467 65.8549
200.552 -161.467 80.848
200.552 -161.467 95.84
200.552 -161.467 110.828
200.552 -161.467 125.817
200.552 -161.467 140.806
200.552 -161.467 155.795
200.552 -161.467 170.784
200.552 -161.467 185.772
200.552 -161.467 200.761
200.552 -161.467 215.75
200.552 -161.467 230.739
200.552 -161.467 245.727
200.552 -161.467 260.716
151.693 -155.83 -263.202
151.693 -155.83 -248.241
151.693 -155.83 -233.28
151.693 -155.83 -218.319
151.693 -155.83 -203.358
151.693 -155.83 -188.396
151.693 -155.83 -173.435
151.693 -155.83 -158.474
151.693 -155.83 -143.513
151.693 -155.83 -128.552
151.693 -155.83 -113.591
151.693 -155.83 -98.63
151.693 -155.83 -83.643
151.693 -155.83 -68.6261
151.693 -155.83 -53.609
151.693 -155.83 -38.591
151.693 -155.83 -23.5741
151.693 -155.83 -8.55703
151.693 -155.83 6.45996
151.693 -155.83 21.478
151.693 -155.83 36.495
151.693 -155.83 51.512
151.693 -155.83 66.5289
151.693 -155.83 81.547
151.693 -155.83 96.556
151.693 -155.83 111.555
151.693 -155.83 126.555
151.693 -155.83 141.555
151.693 -155.83 156.554
151.693 -155.83 171.554
151.693 -155.83 186.554
151.693 -155.83 201.554
151.693 -155.83 216.554
151.693 -155.83 231.554
151.693 -155.83 246.554
151.693 -155.83 261.554
124.02 -112.437 -263.591
124.02 -112.437 -248.564
124.02 -112.437 -233.538
124.02 -112.437 -218.511
124.02 -112.437 -203.485
124.02 -112.437 -188.458
124.02 -112.437 -173.432
124.02 -112.437 -158.405
124.02 -112.437 -143.378
124.02 -112.437 -128.352
124.02 -112.437 -113.326
124.02 -112.437 -98.299
124.02 -112.437 -83.2791
124.02 -112.437 -68.2651
124.02 -112.437 -53.2511
124.02 -112.437 -38.237
124.02 -112.437 -23.223
124.02 -112.437 -8.20906
124.02 -112.437 6.80496
124.02 -112.437 21.8189
124.02 -112.437 36.8339
124.02 -112.437 51.848
124.02 -112.437 66.8629
124.02 -112.437 81.877
124.02 -112.437 96.8869
124.02 -112.437 111.892
124.02 -112.437 126.897
124.02 -112.437 141.902
124.02 -112.437 156.907
124.02 -112.437 171.912
124.02 -112.437 186.917
124.02 -112.437 201.923
124.02 -112.437 216.928
124.02 -112.437 231.934
124.02 -112.437 246.939
124.02 -112.437 261.945
142.717 -65.0951 -263.721
142.717 -65.0951 -248.723
142.717 -65.0951 -233.724
142.717 -65.0951 -218.726
142.717 -65.0951 -203.728
142.717 -65.0951 -188.729
142.717 -65.0951 -173.731
142.717 -65.0951 -158.733
142.717 -65.0951 -143.734
142.717 -65.0951 -128.736
142.717 -65.0951 -113.738
142.717 -65.0951 -98.7391
142.717 -65.0951 -83.743
142.717 -65.0951 -68.7491
142.717 -65.0951 -53.7541
142.717 -65.0951 -38.7601
142.717 -65.0951 -23.765
142.717 -65.0951 -8.77105
142.717 -65.0951 6.22297
142.717 -65.0951 21.2179
142.717 -65.0951 36.212
142.717 -65.0951 51.207
142.717 -65.0951 66.2009
142.717 -65.0951 81.1959
142.717 -65.0951 96.1859
142.717 -65.0951 111.173
142.717 -65.0951 126.16
142.717 -65.0951 141.147
142.717 -65.0951 156.134
142.717 -65.0951 171.12
142.717 -65.0951 186.107
142.717 -65.0951 201.094
142.717 -65.0951 216.081
142.717 -65.0951 231.068
142.717 -65.0951 246.054
142.717 -65.0951 261.041
184.784 -103.845 -263.362
184.784 -103.845 -248.365
184.784 -103.845 -233.368
184.784 -103.845 -218.371
184.784 -103.845 -203.374
184.784 -103.845 -188.377
184.784 -103.845 -173.38
184.784 -103.845 -158.383
184.784 -103.845 -143.386
184.784 -103.845 -128.389
184.784 -103.845 -113.392
184.784 -103.845 -98.3961
184.784 -103.845 -83.402
184.784 -103.845 -68.4131
184.784 -103.845 -53.423
184.784 -103.845 -38.4341
184.784 -103.845 -23.444
184.784 -103.845 -8.45504
184.784 -103.845 6.53293
184.784 -103.845 21.5229
184.784 -103.845 36.5109
184.784 -103.845 51.5
184.784 -103.845 66.4889
184.784 -103.845 81.478
184.784 -103.845 96.465
184.784 -103.845 111.45
184.784 -103.845 126.434
184.784 -103.845 141.419
184.784 -103.845 156.402
184.784 -103.845 171.386
184.784 -103.845 186.369
184.784 -103.845 201.352
184.784 -103.845 216.335
184.784 -103.845 231.318
184.784 -103.845 246.301
184.784 -103.845 261.284
-37.4628 -240.252 -263.749
-37.4628 -240.252 -248.726
-37.4628 -240.252 -233.704
-37.4628 -240.252 -218.682
-37.4628 -240.252 -203.66
-37.4628 -240.252 -188.638
-37.4628 -240.252 -173.616
-37.4628 -240.252 -158.594
-37.4628 -240.252 -143.572
-37.4628 -240.252 -128.55
-37.4628 -240.252 -113.528
-37.4628 -240.252 -98.5061
-37.4628 -240.252 -83.4861
-37.4628 -240.252 -68.467
-37.4628 -240.252 -53.449
-37.4628 -240.252 -38.431
-37.4628 -240.252 -23.413
-37.4628 -240.252 -8.39508
-37.4628 -240.252 6.62395
-37.4628 -240.252 21.642
-37.4628 -240.252 36.6599
-37.4628 -240.252 51.6779
-37.4628 -240.252 66.6959
-37.4628 -240.252 81.7139
-37.4628 -240.252 96.7289
-37.4628 -240.252 111.74
-37.4628 -240.252 126.751
-37.4628 -240.252 141.761
-37.4628 -240.252 156.772
-37.4628 -240.252 171.782
-37.4628 -240.252 186.793
-37.4628 -240.252 201.803
-37.4628 -240.252 216.814
-37.4628 -240.252 231.824
-37.4628 -240.252 246.835
-37.4628 -240.252 261.845
6.95722 -268.49 -263.901
6.95722 -268.49 -248.877
6.95722 -268.49 -233.853
6.95722 -268.49 -218.83
6.95722 -268.49 -203.806
6.95722 -268.49 -188.782
6.95722 -268.49 -173.759
6.95722 -268.49 -158.735
6.95722 -268.49 -143.712
6.95722 -268.49 -128.688
6.95722 -268.49 -113.664
6.95722 -268.49 -98.6411
6.95722 -268.49 -83.622
6.95722 -268.49 -68.609
6.95722 -268.49 -53.5961
6.95722 -268.49 -38.582
6.95722 -268.49 -23.569
6.95722 -268.49 -8.55605
6.95722 -268.49 6.45695
6.95722 -268.49 21.4699
6.95722 -268.49 36.4829
6.95722 -268.49 51.4959
6.95722 -268.49 66.5089
6.95722 -268.49 81.5219
6.95722 -268.49 96.5309
6.95722 -268.49 111.533
6.95722 -268.49 126.535
6.95722 -268.49 141.537
6.95722 -268.49 156.54
6.95722 -268.49 171.542
6.95722 -268.49 186.544
6.95722 -268.49 201.546
6.95722 -268.49 216.549
6.95722 -268.49 231.551
6.95722 -268.49 246.553
6.95722 -268.49 261.555
12.6242 -319.498 -263.813
12.6242 -319.498 -248.796
12.6242 -319.498 -233.778
12.6242 -319.498 -218.761
12.6242 -319.498 -203.744
12.6242 -319.498 -188.726
12.6242 -319.498 -173.709
12.6242 -319.498 -158.691
12.6242 -319.498 -143.674
12.6242 -319.498 -128.656
12.6242 -319.498 -113.639
12.6242 -319.498 -98.621
12.6242 -319.498 -83.604
12.6242 -319.498 -68.588
12.6242 -319.498 -53.5721
12.6242 -319.498 -38.556
12.6242 -319.498 -23.54
12.6242 -319.498 -8.52406
12.6242 -319.498 6.49191
12.6242 -319.498 21.508
12.6242 -319.498 36.5239
12.6242 -319.498 51.5399
12.6242 -319.498 66.556
12.6242 -319.498 81.572
12.6242 -319.498 96.587
12.6242 -319.498 111.6
12.6242 -319.498 126.613
12.6242 -319.498 141.626
12.6242 -319.498 156.639
12.6242 -319.498 171.652
12.6242 -319.498 186.665
12.6242 -319.498 201.678
12.6242 -319.498 216.69
12.6242 -319.498 231.703
12.6242 -319.498 246.716
12.6242 -319.498 261.729
-25.9368 -355.692 -263.96
-25.9368 -355.692 -248.927
-25.9368 -355.692 -233.895
-25.9368 -355.692 -218.863
-25.9368 -355.692 -203.831
-25.9368 -355.692 -188.798
-25.9368 -355.692 -173.766
-25.9368 -355.692 -158.734
-25.9368 -355.692 -143.702
-25.9368 -355.692 -128.669
-25.9368 -355.692 -113.637
-25.9368 -355.692 -98.6051
-25.9368 -355.692 -83.588
-25.9368 -355.692 -68.5891
-25.9368 -355.692 -53.591
-25.9368 -355.692 -38.592
-25.9368 -355.692 -23.593
-25.9368 -355.692 -8.59406
-25.9368 -355.692 6.40496
-25.9368 -355.692 21.4039
-25.9368 -355.692 36.402
-25.9368 -355.692 51.4009
-25.9368 -355.692 66.4009
-25.9368 -355.692 81.4
-25.9368 -355.692 96.4119
-25.9368 -355.692 111.441
-25.9368 -355.692 126.469
-25.9368 -355.692 141.497
-25.9368 -355.692 156.525
-25.9368 -355.692 171.553
-25.9368 -355.692 186.581
-25.9368 -355.692 201.609
-25.9368 -355.692 216.637
-25.9368 -355.692 231.665
-25.9368 -355.692 246.693
-25.9368 -355.692 261.721
-75.9468 -350.165 -264.062
-75.9468 -350.165 -249.062
-75.9468 -350.165 -234.062
-75.9468 -350.165 -219.062
-75.9468 -350.165 -204.063
-75.9468 -350.165 -189.063
-75.9468 -350.165 -174.063
-75.9468 -350.165 -159.063
-75.9468 -350.165 -144.063
-75.9468 -350.165 -129.063
-75.9468 -350.165 -114.064
-75.9468 -350.165 -99.0641
-75.9468 -350.165 -84.0291
-75.9468 -350.165 -68.9551
-75.9468 -350.165 -53.88
-75.9468 -350.165 -38.806
-75.9468 -350.165 -23.7321
-75.9468 -350.165 -8.65805
-75.9468 -350.165 6.41594
-75.9468 -350.165 21.49
-75.9468 -350.165 36.5639
-75.9468 -350.165 51.638
-75.9468 -350.165 66.712
-75.9468 -350.165 81.7859
-75.9468 -350.165 96.8309
-75.9468 -350.165 111.843
-75.9468 -350.165 126.856
-75.9468 -350.165 141.869
-75.9468 -350.165 156.881
-75.9468 -350.165 171.893
-75.9468 -350.165 186.906
-75.9468 -350.165 201.918
-75.9468 -350.165 216.931
-75.9468 -350.165 231.943
-75.9468 -350.165 246.956
-75.9468 -350.165 261.968
-104.284 -306.112 -263.385
-104.284 -306.112 -248.385
-104.284 -306.112 -233.384
-104.284 -306.112 -218.384
-104.284 -306.112 -203.384
-104.284 -306.112 -188.383
-104.284 -306.112 -173.383
-104.284 -306.112 -158.382
-104.284 -306.112 -143.381
-104.284 -306.112 -128.381
-104.284 -306.112 -113.38
-104.284 -306.112 -98.38
-104.284 -306.112 -83.372
-104.284 -306.112 -68.3561
-104.284 -306.112 -53.3401
-104.284 -306.112 -38.324
-104.284 -306.112 -23.308
-104.284 -306.112 -8.29207
-104.284 -306.112 6.72395
-104.284 -306.112 21.74
-104.284 -306.112 36.7559
-104.284 -306.112 51.7719
-104.284 -306.112 66.788
-104.284 -306.112 81.8029
-104.284 -306.112 96.8189
-104.284 -306.112 111.83
-104.284 -306.112 126.839
-104.284 -306.112 141.847
-104.284 -306.112 156.855
-104.284 -306.112 171.863
-104.284 -306.112 186.872
-104.284 -306.112 201.88
-104.284 -306.112 216.889
-104.284 -306.112 231.897
-104.284 -306.112 246.906
-104.284 -306.112 261.914
-86.4598 -257.217 -263.645
-86.4598 -257.217 -248.618
-86.4598 -257.217 -233.592
-86.4598 -257.217 -218.565
-86.4598 -257.217 -203.539
-86.4598 -257.217 -188.513
-86.4598 -257.217 -173.486
-86.4598 -257.217 -158.46
-86.4598 -257.217 -143.434
-86.4598 -257.217 -128.407
-86.4598 -257.217 -113.381
-86.4598 -257.217 -98.354
-86.4598 -257.217 -83.332
-86.4598 -257.217 -68.3131
-86.4598 -257.217 -53.294
-86.4598 -257.217 -38.276
-86.4598 -257.217 -23.2571
-86.4598 -257.217 -8.23805
-86.4598 -257.217 6.77996
-86.4598 -257.217 21.7989
-86.4598 -257.217 36.818
-86.4598 -257.217 51.836
-86.4598 -257.217 66.8549
-86.4598 -257.217 81.8739
-86.4598 -257.217 96.8889
-86.4598 -257.217 111.901
-86.4598 -257.217 126.913
-86.4598 -257.217 141.925
-86.4598 -257.217 156.937
-86.4598 -257.217 171.949
-86.4598 -257.217 186.961
-86.4598 -257.217 201.973
-86.4598 -257.217 216.985
-86.4598 -257.217 231.997
-86.4598 -257.217 247.009
-86.4598 -257.217 262.021
-43.8058 -297.305 -263.801
-43.8058 -297.305 -248.782
-43.8058 -297.305 -233.763
-43.8058 -297.305 -218.745
-43.8058 -297.305 -203.726
-43.8058 -297.305 -188.707
-43.8058 -297.305 -173.688
-43.8058 -297.305 -158.669
-43.8058 -297.305 -143.65
-43.8058 -297.305 -128.632
-43.8058 -297.305 -113.613
-43.8058 -297.305 -98.5941
-43.8058 -297.305 -83.5771
-43.8058 -297.305 -68.562
-43.8058 -297.305 -53.5471
-43.8058 -297.305 -38.5331
-43.8058 -297.305 -23.518
-43.8058 -297.305 -8.50305
-43.8058 -297.305 6.51195
-43.8058 -297.305 21.5259
-43.8058 -297.305 36.5409
-43.8058 -297.305 51.555
-43.8058 -297.305 66.5699
-43.8058 -297.305 81.585
-43.8058 -297.305 96.5929
-43.8058 -297.305 111.595
-43.8058 -297.305 126.596
-43.8058 -297.305 141.598
-43.8058 -297.305 156.599
-43.8058 -297.305 171.601
-43.8058 -297.305 186.602
-43.8058 -297.305 201.603
-43.8058 -297.305 216.605
-43.8058 -297.305 231.606
-43.8058 -297.305 246.607
-43.8058 -297.305 261.608