0.488356
0.476381
0.0138196
0.0038181
0.00289297
0.00206609
0.00162478
0.00158268
0.00148713
0.00109925
0.00099514
0.000767007
0.000700654
0.000731455
0.000567986
0.00044479
0.000410667
0.000373975
0.000308436
0.000274099
0.000233366
0.000210687
0.000168629
0.000140472
0.000114625
9.21292e-05
7.36587e-05
5.77815e-05
4.61213e-05
3.59085e-05
2.75659e-05
2.16689e-05
1.61729e-05
1.24625e-05
9.81586e-06
7.78679e-06
5.99556e-06
4.58457e-06
3.79794e-06
2.69566e-06
2.33615e-06
2.00252e-06
1.50194e-06
1.37809e-06
1.09652e-06
1.0152e-06
1.14616e-06
5.6853e-07
4.9332e-07
4.55196e-07
